90
1 7 13 0
2 7 8 14 0
3 8 9 15 0
4 9 10 16 0
5 10 11 17 0
6 11 12 18 0
7 1 2 13 14 19 0
8 2 3 14 15 20 0
9 3 4 15 16 21 0
10 4 5 16 17 22 0
11 5 6 17 18 23 0
12 6 18 24 0
13 1 7 19 25 0
14 2 7 8 19 20 26 0
15 3 8 9 20 21 27 0
16 4 9 10 21 22 28 0
17 5 10 11 22 23 29 0
18 6 11 12 23 24 30 0
19 7 13 14 25 26 31 0
20 8 14 15 26 27 32 0
21 9 15 16 27 28 33 0
22 10 16 17 28 29 34 0
23 11 17 18 29 30 35 0
24 12 18 30 36 0
25 13 19 31 37 0
26 14 19 20 31 32 38 0
27 15 20 21 32 33 39 0
28 16 21 22 33 34 40 0
29 17 22 23 34 35 41 0
30 18 23 24 35 36 42 0
31 19 25 26 37 38 43 0
32 20 26 27 38 39 44 0
33 21 27 28 39 40 45 0
34 22 28 29 40 41 46 0
35 23 29 30 41 42 47 0
36 24 30 42 48 0
37 25 31 43 49 0
38 26 31 32 43 44 50 0
39 27 32 33 44 45 51 0
40 28 33 34 45 46 52 0
41 29 34 35 46 47 53 0
42 30 35 36 47 48 54 0
43 31 37 38 49 50 55 0
44 32 38 39 50 51 56 0
45 33 39 40 51 52 57 0
46 34 40 41 52 53 58 0
47 35 41 42 53 54 59 0
48 36 42 54 60 0
49 37 43 55 61 0
50 38 43 44 55 56 62 0
51 39 44 45 56 57 63 0
52 40 45 46 57 58 64 0
53 41 46 47 58 59 65 0
54 42 47 48 59 60 66 0
55 43 49 50 61 62 67 0
56 44 50 51 62 63 68 0
57 45 51 52 63 64 69 0
58 46 52 53 64 65 70 0
59 47 53 54 65 66 71 0
60 48 54 66 72 0
61 49 55 67 73 0
62 50 55 56 67 68 74 0
63 51 56 57 68 69 75 0
64 52 57 58 69 70 76 0
65 53 58 59 70 71 77 0
66 54 59 60 71 72 78 0
67 55 61 62 73 74 79 0
68 56 62 63 74 75 80 0
69 57 63 64 75 76 81 0
70 58 64 65 76 77 82 0
71 59 65 66 77 78 83 0
72 60 66 78 84 0
73 61 67 79 85 0
74 62 67 68 79 80 86 0
75 63 68 69 80 81 87 0
76 64 69 70 81 82 88 0
77 65 70 71 82 83 89 0
78 66 71 72 83 84 90 0
79 67 73 74 85 86 0
80 68 74 75 86 87 0
81 69 75 76 87 88 0
82 70 76 77 88 89 0
83 71 77 78 89 90 0
84 72 78 90 0
85 73 79 0
86 74 79 80 0
87 75 80 81 0
88 76 81 82 0
89 77 82 83 0
90 78 83 84 0
1 2000 0
2 2000 0
3 2000 0
4 2000 0
5 2000 0
6 2000 0
7 2000 0
8 2000 0
9 2000 0
10 2000 0
11 2000 0
12 2000 0
13 2000 0
14 2000 0
15 2000 0
16 2000 0
17 2000 0
18 2000 0
19 2000 0
20 2000 0
21 2000 0
22 2000 0
23 2000 0
24 2000 0
25 2000 0
26 2000 0
27 2000 0
28 2000 0
29 2000 0
30 2000 0
31 2000 0
32 2000 0
33 2000 0
34 2000 0
35 2000 0
36 2000 0
37 2000 0
38 2000 0
39 2000 0
40 2000 0
41 2000 0
42 2000 0
43 2000 0
44 2000 0
45 2000 0
46 2000 0
47 2000 0
48 2000 0
49 2000 0
50 2000 0
51 2000 0
52 2000 0
53 2000 0
54 2000 0
55 2000 0
56 2000 0
57 2000 0
58 2000 0
59 2000 0
60 2000 0
61 2000 0
62 2000 0
63 2000 0
64 2000 0
65 2000 0
66 2000 0
67 2000 0
68 2000 0
69 2000 0
70 2000 0
71 2000 0
72 2000 0
73 2000 0
74 2000 0
75 2000 0
76 2000 0
77 2000 0
78 2000 0
79 2000 0
80 2000 0
81 2000 0
82 2000 0
83 2000 0
84 2000 0
85 2000 0
86 2000 0
87 2000 0
88 2000 0
89 2000 0
90 2000 0
1 1.0 7.5
2 3.0 7.5
3 5.0 7.5
4 7.0 7.5
5 9.0 7.5
6 11.0 7.5
7 2.0 7.0
8 4.0 7.0
9 6.0 7.0
10 8.0 7.0
11 10.0 7.0
12 12.0 7.0
13 1.0 6.5
14 3.0 6.5
15 5.0 6.5
16 7.0 6.5
17 9.0 6.5
18 11.0 6.5
19 2.0 6.0
20 4.0 6.0
21 6.0 6.0
22 8.0 6.0
23 10.0 6.0
24 12.0 6.0
25 1.0 5.5
26 3.0 5.5
27 5.0 5.5
28 7.0 5.5
29 9.0 5.5
30 11.0 5.5
31 2.0 5.0
32 4.0 5.0
33 6.0 5.0
34 8.0 5.0
35 10.0 5.0
36 12.0 5.0
37 1.0 4.5
38 3.0 4.5
39 5.0 4.5
40 7.0 4.5
41 9.0 4.5
42 11.0 4.5
43 2.0 4.0
44 4.0 4.0
45 6.0 4.0
46 8.0 4.0
47 10.0 4.0
48 12.0 4.0
49 1.0 3.5
50 3.0 3.5
51 5.0 3.5
52 7.0 3.5
53 9.0 3.5  
54 11.0 3.5
55 2.0 3.0
56 4.0 3.0
57 6.0 3.0
58 8.0 3.0
59 10.0 3.0
60 12.0 3.0
61 1.0 2.5
62 3.0 2.5
63 5.0 2.5
64 7.0 2.5
65 9.0 2.5
66 11.0 2.5
67 2.0 2.0
68 4.0 2.0
69 6.0 2.0
70 8.0 2.0
71 10.0 2.0
72 12.0 2.0
73 1.0 1.5 
74 3.0 1.5
75 5.0 1.5
76 7.0 1.5
77 9.0 1.5
78 11.0 1.5
79 2.0 1.0
80 4.0 1.0
81 6.0 1.0
82 8.0 1.0
83 10.0 1.0
84 12.0 1.0
85 1.0 0.5
86 3.0 0.5
87 5.0 0.5
88 7.0 0.5
89 9.0 0.5
90 11.0 0.5
1 0
2 0
3 0
4 0
5 0
6 0
7 0
8 0
9 0
10 0
11 0
12 0
13 0
14 0
15 0
16 0
17 0
18 0
19 0
20 0
21 0
22 0
23 0
24 0
25 0
26 0
27 0
28 0
29 0
30 0
31 0
32 0
33 0
34 0
35 0
36 0
37 0
38 0
39 0
40 0
41 0
42 0
43 0
44 0
45 0
46 0
47 0
48 0
49 0
50 0
51 0
52 0
53 0
54 0
55 0
56 0
57 0
58 0
59 0
60 0
61 0
62 0
63 0
64 0
65 0
66 0
67 0
68 0
69 0
70 0
71 0
72 0
73 0
74 0
75 0
76 0
77 0
78 0
79 0
80 0
81 0
82 0
83 0
84 0
85 0
86 0
87 0
88 0
89 0
90 0
1 0
2 0
3 0
4 0
5 0
6 0
7 0
8 0
9 0
10 0
11 0
12 0
13 0
14 0
15 0
16 0
17 0
18 0
19 0
20 0
21 0
22 0
23 0
24 0
25 0
26 0
27 0
28 0
29 0
30 0
31 0
32 0
33 0
34 0
35 0
36 0
37 0
38 0
39 0
40 0
41 0
42 0
43 0
44 0
45 0
46 0
47 0
48 0
49 0
50 0
51 0
52 0
53 0
54 0
55 0
56 0
57 0
58 0
59 0
60 0
61 0
62 0
63 0
64 0
65 0
66 0
67 0
68 0
69 0
70 0
71 0
72 0
73 0
74 0
75 0
76 0
77 0
78 0
79 0
80 0
81 0
82 0
83 0
84 0
85 0
86 0
87 0
88 0
89 0
90 0