14
2 4 18 19 20 69 70 71 76 234 236 240 244 245
16
98 108 111 115 117 118 133 137 139 141 142 144 153 154 155 157
7
103 120 125 129 134 135 156
15
34 39 170 173 176 177 180 181 195 200 208 209 214 219 226
21
34 39 101 151 167 170 173 176 177 180 181 195 199 200 206 208 209 214 219 225 226
23
1 4 5 6 13 15 16 17 22 23 24 25 53 55 57 58 62 64 65 66 74 229 231
20
1 5 78 79 83 85 88 89 90 91 92 96 100 121 127 128 138 140 149 157
10
13 15 17 19 21 23 24 25 26 230
13
9 28 29 30 31 33 35 37 40 42 43 46 48